# Camera list with one line of data per camera:
#   CAMERA_ID, MODEL, WIDTH, HEIGHT, PARAMS[]
# Number of cameras: 100
1 SIMPLE_RADIAL 800 800 1084.4172577870295 400 400 -0.011414508798086392
2 SIMPLE_RADIAL 800 800 1089.5174153787036 400 400 0.0014998123948754315
3 SIMPLE_RADIAL 800 800 1104.0105465214865 400 400 -0.0062226790809154246
4 SIMPLE_RADIAL 800 800 1087.4831834911336 400 400 0.041849318342510017
5 SIMPLE_RADIAL 800 800 1091.2078517442849 400 400 0.049251806887601286
6 SIMPLE_RADIAL 800 800 1109.7622042340497 400 400 -0.030051362082257085
7 SIMPLE_RADIAL 800 800 1106.2248348449366 400 400 -0.033927021915252084
8 SIMPLE_RADIAL 800 800 1113.0668788840817 400 400 -0.0061133949288265542
9 SIMPLE_RADIAL 800 800 1095.6362119556684 400 400 -0.011916764660527594
10 SIMPLE_RADIAL 800 800 1097.4140627334864 400 400 0.0093610018057727531
11 SIMPLE_RADIAL 800 800 1109.775251221384 400 400 0.040987680333696937
12 SIMPLE_RADIAL 800 800 1108.8943148874675 400 400 0.0036304779194719777
13 SIMPLE_RADIAL 800 800 1107.4941640155866 400 400 -0.0024283756953809785
14 SIMPLE_RADIAL 800 800 1099.2843149426235 400 400 0.021354399218575612
15 SIMPLE_RADIAL 800 800 1094.9531531882926 400 400 -0.0056866871434136301
16 SIMPLE_RADIAL 800 800 1120.9813838383491 400 400 0.013070644419047473
17 SIMPLE_RADIAL 800 800 1097.35124110122 400 400 -0.0038034692479465117
18 SIMPLE_RADIAL 800 800 1107.225371204092 400 400 -0.0042033704314538506
19 SIMPLE_RADIAL 800 800 1126.4329468257986 400 400 -0.019543083203911505
20 SIMPLE_RADIAL 800 800 1096.0005145845128 400 400 -0.023833351117059604
21 SIMPLE_RADIAL 800 800 1087.3489629010189 400 400 0.027164185786358475
22 SIMPLE_RADIAL 800 800 1100.9668075864813 400 400 0.0054363125387322866
23 SIMPLE_RADIAL 800 800 1101.5348134362416 400 400 0.00079655300066267074
24 SIMPLE_RADIAL 800 800 1096.4794542715479 400 400 -0.0096047992666276876
25 SIMPLE_RADIAL 800 800 1100.5437419248124 400 400 0.053470686848804252
26 SIMPLE_RADIAL 800 800 1106.5185284237343 400 400 -0.034736135005730161
27 SIMPLE_RADIAL 800 800 1111.1457949796475 400 400 -0.023885876741374719
28 SIMPLE_RADIAL 800 800 1105.1596747595809 400 400 0.037027651838416505
29 SIMPLE_RADIAL 800 800 1094.2287118772024 400 400 0.027110171134608948
30 SIMPLE_RADIAL 800 800 1093.8574749072318 400 400 0.0056884627032043967
31 SIMPLE_RADIAL 800 800 1098.9550670656477 400 400 0.043123086299549765
32 SIMPLE_RADIAL 800 800 1106.9867104502011 400 400 0.042855241763771167
33 SIMPLE_RADIAL 800 800 1095.1712109747455 400 400 0.0052413510862497729
34 SIMPLE_RADIAL 800 800 1086.0866232687215 400 400 0.026975222285327675
35 SIMPLE_RADIAL 800 800 1112.4255108430941 400 400 -0.016200592943290407
36 SIMPLE_RADIAL 800 800 1094.2313030245382 400 400 0.010519281697454443
37 SIMPLE_RADIAL 800 800 1086.7751977350536 400 400 -0.041048827666838074
38 SIMPLE_RADIAL 800 800 1081.6345484499564 400 400 -0.0084178560128207562
39 SIMPLE_RADIAL 800 800 1109.2043343940686 400 400 0.047757183505023282
40 SIMPLE_RADIAL 800 800 1094.9171950377079 400 400 -0.0087664162813725945
41 SIMPLE_RADIAL 800 800 1096.5261242079537 400 400 0.010885498847861651
42 SIMPLE_RADIAL 800 800 1802.9479186122539 400 400 1.1443126777209218
43 SIMPLE_RADIAL 800 800 1080.7120207784053 400 400 0.044234928992738391
44 SIMPLE_RADIAL 800 800 1106.9480987379973 400 400 -0.34437452949443842
45 SIMPLE_RADIAL 800 800 1111.2176705503 400 400 0.025295152373993917
46 SIMPLE_RADIAL 800 800 1100.3522023476189 400 400 -0.015438612940591364
47 SIMPLE_RADIAL 800 800 1121.9921716337917 400 400 0.0092249059793548336
48 SIMPLE_RADIAL 800 800 1092.7693700480979 400 400 0.00072367383933190615
49 SIMPLE_RADIAL 800 800 1104.0050008684218 400 400 -0.0026973349745025412
50 SIMPLE_RADIAL 800 800 1103.6064389489841 400 400 -0.020424449079879368
51 SIMPLE_RADIAL 800 800 1095.1383293361032 400 400 -0.0020741207743149247
52 SIMPLE_RADIAL 800 800 1112.2075953694393 400 400 -0.029669569238166098
53 SIMPLE_RADIAL 800 800 1105.2631556372392 400 400 -0.0038390202118885036
54 SIMPLE_RADIAL 800 800 1084.2719056926771 400 400 0.038478269720838433
55 SIMPLE_RADIAL 800 800 1101.7905958884958 400 400 -0.0075198038787460102
56 SIMPLE_RADIAL 800 800 1116.133678240009 400 400 0.0030296279264516212
57 SIMPLE_RADIAL 800 800 1105.1612048458103 400 400 0.023107189329799556
58 SIMPLE_RADIAL 800 800 1095.6656080204032 400 400 0.0058107210538990966
59 SIMPLE_RADIAL 800 800 1091.1399276575887 400 400 0.032707713609232233
60 SIMPLE_RADIAL 800 800 1102.9797891618289 400 400 -0.035888576128865222
61 SIMPLE_RADIAL 800 800 1104.1797463410114 400 400 -0.0074422501281356818
62 SIMPLE_RADIAL 800 800 1091.2847825747199 400 400 -0.036187310219567143
63 SIMPLE_RADIAL 800 800 1112.8149630827625 400 400 -0.062392995296157307
64 SIMPLE_RADIAL 800 800 1096.3417412824977 400 400 0.0082483041131821925
65 SIMPLE_RADIAL 800 800 1082.6133085503816 400 400 0.015639827054452295
66 SIMPLE_RADIAL 800 800 1103.451736028135 400 400 0.012872819714267018
67 SIMPLE_RADIAL 800 800 1097.1316137299464 400 400 -0.0093008559203202681
68 SIMPLE_RADIAL 800 800 1087.1876404453324 400 400 0.01566969877044436
69 SIMPLE_RADIAL 800 800 1108.50637091781 400 400 -0.048214078370515098
70 SIMPLE_RADIAL 800 800 1099.1338705621024 400 400 -0.0063751309149863563
71 SIMPLE_RADIAL 800 800 1100.2431022999881 400 400 0.0097052910402604473
72 SIMPLE_RADIAL 800 800 1101.3392078535442 400 400 0.024642442337730722
73 SIMPLE_RADIAL 800 800 1112.3132522705164 400 400 -0.0065487446176757886
74 SIMPLE_RADIAL 800 800 1089.7225200935854 400 400 -0.029049099548566711
75 SIMPLE_RADIAL 800 800 1149.1715765499498 400 400 -0.06862452074703089
76 SIMPLE_RADIAL 800 800 1098.4023089846899 400 400 0.05192424654060989
77 SIMPLE_RADIAL 800 800 1097.5297476397368 400 400 0.0007301806291101755
78 SIMPLE_RADIAL 800 800 1089.1987216409539 400 400 0.040315998306594832
79 SIMPLE_RADIAL 800 800 1102.5399076010503 400 400 -0.028906276227191489
80 SIMPLE_RADIAL 800 800 1101.1895777458838 400 400 0.044557139837248919
81 SIMPLE_RADIAL 800 800 1090.1281904333403 400 400 0.0028795334126514387
82 SIMPLE_RADIAL 800 800 1084.039987888769 400 400 0.038105549758595279
83 SIMPLE_RADIAL 800 800 1101.9760335029089 400 400 -0.016650969055432282
84 SIMPLE_RADIAL 800 800 1098.0638820880124 400 400 -0.028084488112661045
85 SIMPLE_RADIAL 800 800 1110.696328614684 400 400 -0.021868203554784471
86 SIMPLE_RADIAL 800 800 1110.1071017625609 400 400 0.037708808745357494
87 SIMPLE_RADIAL 800 800 1105.6489684580731 400 400 -0.017348485388089706
88 SIMPLE_RADIAL 800 800 1085.7219713413026 400 400 0.019237054022000887
89 SIMPLE_RADIAL 800 800 1164.0376549710772 400 400 -0.021999644859990383
90 SIMPLE_RADIAL 800 800 1096.7984893298512 400 400 -0.010511173031072872
91 SIMPLE_RADIAL 800 800 1102.7259142463311 400 400 -0.014752394648945066
92 SIMPLE_RADIAL 800 800 1166.6666129768175 400 400 -0.46427316522778078
93 SIMPLE_RADIAL 800 800 1098.5240616224939 400 400 -0.0077903074111990633
94 SIMPLE_RADIAL 800 800 1107.1025033047151 400 400 -0.026151269983417297
95 SIMPLE_RADIAL 800 800 1095.8549592190466 400 400 0.0074799488031156488
96 SIMPLE_RADIAL 800 800 1094.3034656200809 400 400 0.028152250077233588
97 SIMPLE_RADIAL 800 800 1093.8471690402359 400 400 0.014256784668974119
98 SIMPLE_RADIAL 800 800 1097.9424629169898 400 400 -0.013808068727695048
99 SIMPLE_RADIAL 800 800 1156.6910577138967 400 400 -0.042453849724827998
100 SIMPLE_RADIAL 800 800 1102.722043956004 400 400 0.036456768145232882
